$ clang++ solve.cpp -o solve -Wall -O3 -march=skylake
$ time ./solve
533
553 96 261 164 738 445 166 590 564 763 609 815 243 577 407 67 382 929 143 661 865 893 138 458 434 979 786 702 202 837 406 486 663 949 897 578 670 455 909 56 204 894 629 308 962 825 304 218 475 250 789 227 645 858 148 957 206 799 981 752 258 338 604 362 358 27 498 573 575 377 615 990 779 788 441 93 748 298 168 550 778 768 555 519 225 887 722 490 598 500 509 777 374 681 401 878 384 491 185 467 516 554 635 351 77 674 73 246 782 882 303 503 829 220 104 581 22 177 346 72 988 638 833 623 427 81 238 599 97 773 285 169 980 59 596 558 809 193 217 244 30 876 641 760 197 90 856 388 795 636 253 275 730 80 630 803 913 659 983 347 203 323 845 826 411 376 774 454 447 953 724 862 556 403 108 361 907 542 348 200 389 918 640 664 479 365 488 10 928 319 433 805 128 159 280 306 211 680 139 474 589 426 182 133 536 648 547 443 835 221 373 746 570 432 437 421 140 916 273 150 890 910 190 212 368 986 739 930 294 602 233 557 428 997 975 170 914 38 843 146 256 816 667 366 847 424 41 149 544 624 137 301 810 57 574 14 698 31 496 36 855 37 269 337 601 482 806 45 106 665 771 605 522 727 2 631 429 583 88 158 769 921 321 731 130 616 765 438 532 25 628 891 672 430 832 783 840 186 935 938 293 390 927 559 267 965 105 71 49 152 790 330 691 444 21 28 425 600 700 871 153 632 567 196 521 885 307 813 134 355 775 701 912 719 156 908 651 364 970 943 199 625 952 155 64 801 161 683 619 706 234 533 383 682 572 315 477 506 121 35 732 798 11 53 63 242 720 62 60 75 917 345 933 804 188 167 800 729 787 219 334 66 841 903 65 642 332 984 450 413 349 386 919 397 707 597 43 116 260 369 55 343 126 922 734 99 174 993 954 770 576 961 820 677 232 939 992 998 684 192 880 187 336 960 495 688 86 877 740 586 652 296 404 614 925 465 102 968 89 322 236 888 797 191 381 392 747 956 317 861 124 198 967 994 289 180 689 762 955 291 781 325 879 796 852 757 300 900 772 693 32 499 686 715 964 660 144 333 548 42 230 766 34 830 9 33 932 784 449 971 697 743 195 470 5 412 838 884 708 281 839 100 68 78 113 400 936 3 313 584 419 94 266 380 836 669 552 657 287 87 183 694 944 50 245 899 678 385 263 15 201 603 223 904 391 176 339 978 414 489 420 328 136 52 457 431 985 679 969 546 896 209 372 51 673 530 593 875 622 129 237 354 996 460 791 613 20 563 690 16 466 47 145 898 423 851 846 471 510 808 216 299 711 892 189 54 867 103 582 758 989 224 982 286 741 728 83 695 776 520 132 222 418 39 163 363 248 451 226 111 872 327 309 713 637 259 353 863 529 70 973 870 902 828 704 279 886 761 483 213 85 472 24 48 142 297 26 515 249 239 817 18 172 966 537 452 316 716 115 534 948 714 842 666 562 723 676 422 874 987 915 110 312 1 950 712 295 940 607 371 580 807 352 271 869 7 257 98 58 905 658 356 972 118 508 823 324 46 235 539 74 931 160 320 963 264 705 122 40 780 802 147 342 849 626 208 367 179 834 634 107 675 131 494 606 725 91 439 112 127 4 889 276 868 481 436 710 29 545 857 649 463 416 513 565 818 215 526 252 12 587 883 633 173 647 240 945 621 942 924 538 749 241 811 378 920 415 214 579 82 703 504 502 497 821 853 585 453 759 718 17 543 123 393 535 860 288 120 854 750 405 394 591 646 114 527 958 13 79 655 881 231 335 284 524 23 753 848 480 181 396 194 794 175 744 117 290 6 395 814 456 402 254 923 742 654 822 229 644 379 375 733 906 620 84 417 662 409 873 926 540 946 588 311 435 934 292 736 171 410 165 448 157 656 726 461 277 551 270 976 507 859 785 959 76 895 92 627 341 844 210 974 119 262 531 692 205 737 941 473 947 408 517 251 387 995 687 19 141 109 717 184 370 101 512 350 653 268 476 302 951 440 0 571 812 265 767 528 359 398 318 459 505 442 493 154 69 305 608 617 484 541 274 668 162 866 639 643 464 282 446 569 278 525 357 247 827 566 756 485 326 492 549 568 501 864 340 735 523 228 314 594 671 360 977 696 331 399 469 592 478 178 135 911 511 611 329 751 151 95 745 937 792 754 61 755 272 819 462 850 709 831 721 125 560 612 595 650 764 824 344 514 699 561 618 283 8 487 468 518 207 793 991 255 44 610 901 310 685 
Valid

real    0m0.008s
user    0m0.006s
sys     0m0.001s
$ cat /proc/cpuinfo 
processor       : 0
vendor_id       : GenuineIntel
cpu family      : 6
model           : 85
model name      : Intel(R) Xeon(R) CPU @ 2.00GHz
stepping        : 3
microcode       : 0x1
cpu MHz         : 2000.164
cache size      : 56320 KB
physical id     : 0
siblings        : 1
core id         : 0
cpu cores       : 1
apicid          : 0
initial apicid  : 0
fpu             : yes
fpu_exception   : yes
cpuid level     : 13
wp              : yes
flags           : fpu vme de pse tsc msr pae mce cx8 apic sep mtrr pge mca cmov pat pse36 clflush mmx fxsr sse sse2 ss ht syscall nx pdpe1gb rdtscp lm constant_tsc rep_good nopl xtopology nonstop_tsc cpuid pni pclmulqdq ssse3 fma cx16 pcid sse4_1 sse4_2 x2apic movbe popcnt aes xsave avx f16c rdrand hypervisor lahf_lm abm 3dnowprefetch invpcid_single pti fsgsbase tsc_adjust bmi1 hle avx2 smep bmi2 erms invpcid rtm mpx avx512f avx512dq rdseed adx smap clflushopt clwb avx512cd avx512bw avx512vl xsaveopt xsavec xgetbv1 xsaves
bugs            : cpu_meltdown spectre_v1 spectre_v2 spec_store_bypass
bogomips        : 4000.32
clflush size    : 64
cache_alignment : 64
address sizes   : 46 bits physical, 48 bits virtual
power management:
